Accuracy: 0.9968021927820923
Precision: 0.9968117629085269
Recall: 0.9968021927820923
F1-Score: 0.9968017574621731
Root Mean Squared Error: 0.9999857623288803
Error Rate: 0.0031978072179077205
